0 0 0.131215
0 0 0.114061
0 0 0.0873466
0 0 0.0861019
0 0 0.0822864
0 0 0.0819004
0 0 0.080625
0 0 0.0805249
0 0 0.0801437
0 0 0.0794879
0 0 0.0776521
0 0 0.0774173
0 0 0.0765336
0 0 0.0762792
0 0 0.075302
0 0 0.073186
0 0 0.0723205
0 0 0.0716539
0 0 0.0714922
0 0 0.0701557
0 0 0.0696382
0 0 0.0686773
0 0 0.0684781
0 0 0.0672841
0 0 0.0669124
0 0 0.0668519
0 0 0.0659956
0 0 0.0657787
0 0 0.0657261
0 0 0.0651441
0 0 0.0650116
0 0 0.0639372
0 0 0.0633151
0 0 0.0632635
0 0 0.0622058
0 0 0.0615174
0 0 0.0610971
0 0 0.060964
0 0 0.0605281
0 0 0.0605175
0 0 0.0601426
0 0 0.0598873
0 0 0.0597937
0 0 0.0592805
0 0 0.0590407
0 0 0.0589686
0 0 0.0583554
0 0 0.0581539
0 0 0.0572642
0 0 0.0570722
0 0 0.0568823
0 0 0.0568759
0 0 0.0563723
0 0 0.0563098
0 0 0.0562709
0 0 0.0557188
0 0 0.0554286
0 0 0.0554065
0 0 0.0552809
0 0 0.0546925
0 0 0.0544951
0 0 0.0541052
0 0 0.0530287
0 0 0.0529681
0 0 0.0518781
0 0 0.0516652
0 0 0.051624
0 0 0.0514863
0 0 0.0511227
0 0 0.0507794
0 0 0.0507375
0 0 0.0503945
0 0 0.0503241
0 0 0.0500912
0 0 0.0500176
0 0 0.0494315
0 0 0.0489346
0 0 0.0487942
0 0 0.0483406
0 0 0.0482982
0 0 0.0482424
0 0 0.0478414
0 0 0.0473885
0 0 0.0470866
0 0 0.0461365
0 0 0.0459875
0 0 0.0452791
0 0 0.0450478
0 0 0.0445891
0 0 0.0445085
0 0 0.0435513
0 0 0.0432946
0 0 0.0429036
0 0 0.0423524
0 0 0.0407185
0 0 0.0405914
0 0 0.0398772
0 0 0.0385908
0 0 0.0379152
0 0 0.0350975
1 0 0.112248
1 0 0.103131
1 0 0.101477
1 0 0.0981433
1 0 0.0962461
1 0 0.0958349
1 0 0.0955921
1 0 0.0921108
1 0 0.091055
1 0 0.0902954
1 0 0.0896658
1 0 0.0884435
1 0 0.0868361
1 0 0.0866455
1 0 0.0859018
1 0 0.0852419
1 0 0.0850158
1 0 0.084984
1 0 0.0845938
1 0 0.0836962
1 0 0.0832669
1 0 0.08263
1 0 0.082458
1 0 0.0805962
1 0 0.0802087
1 0 0.0799204
1 0 0.0793844
1 0 0.0789738
1 0 0.0776246
1 0 0.0765558
1 0 0.0758991
1 0 0.0750954
1 0 0.0748589
1 0 0.0743487
1 0 0.0742828
1 0 0.0734449
1 0 0.0734014
1 0 0.0729932
1 0 0.0728019
1 0 0.0724464
1 0 0.0724238
1 0 0.072421
1 0 0.0720732
1 0 0.0720587
1 0 0.0702932
1 0 0.0696935
1 0 0.0692649
1 0 0.068217
1 0 0.067467
1 0 0.0672162
1 0 0.066895
1 0 0.0664918
1 0 0.0661519
1 0 0.06609
1 0 0.0647497
1 0 0.0647061
1 0 0.064263
1 0 0.0641955
1 0 0.0639898
1 0 0.0635803
1 0 0.0628238
1 0 0.0625207
1 0 0.0624781
1 0 0.0624522
1 0 0.0624199
1 0 0.0620507
1 0 0.061955
1 0 0.0618855
1 0 0.0618048
1 0 0.0611321
1 0 0.0608974
1 0 0.0603133
1 0 0.0598733
1 0 0.0598582
1 0 0.0598036
1 0 0.0597521
1 0 0.0589385
1 0 0.0589041
1 0 0.0582203
1 0 0.0578601
1 0 0.0578
1 0 0.057475
1 0 0.057035
1 0 0.0569515
1 0 0.0569094
1 0 0.0566216
1 0 0.0565673
1 0 0.0564446
1 0 0.0554846
1 0 0.0551775
1 0 0.0550167
1 0 0.0544925
1 0 0.0537884
1 0 0.0524842
1 0 0.0524236
1 0 0.0518931
1 0 0.0499965
1 0 0.0485902
1 0 0.0484693
1 0 0.0480793
2 0 0.130497
2 0 0.119387
2 0 0.116883
2 0 0.113671
2 0 0.108445
2 0 0.107921
2 0 0.10739
2 0 0.106464
2 0 0.105818
2 0 0.105518
2 0 0.105066
2 0 0.104849
2 0 0.101539
2 0 0.100892
2 0 0.100005
2 0 0.099968
2 0 0.0995962
2 0 0.0983683
2 0 0.0980878
2 0 0.0975954
2 0 0.0973183
2 0 0.0964408
2 0 0.0957519
2 0 0.0955674
2 0 0.0950144
2 0 0.0946242
2 0 0.0932058
2 0 0.0911109
2 0 0.0903974
2 0 0.0898726
2 0 0.0896736
2 0 0.0891736
2 0 0.0888363
2 0 0.0888039
2 0 0.0879778
2 0 0.087381
2 0 0.0871998
2 0 0.0869905
2 0 0.0863954
2 0 0.08635
2 0 0.0861264
2 0 0.0859968
2 0 0.0859364
2 0 0.0854722
2 0 0.0850833
2 0 0.0842083
2 0 0.0839117
2 0 0.0833945
2 0 0.083163
2 0 0.0816926
2 0 0.0802376
2 0 0.0801365
2 0 0.0798721
2 0 0.0793273
2 0 0.0790953
2 0 0.0790918
2 0 0.0782891
2 0 0.0780636
2 0 0.077772
2 0 0.0765982
2 0 0.0763487
2 0 0.0763294
2 0 0.0760002
2 0 0.0753965
2 0 0.07418
2 0 0.0741453
2 0 0.0733998
2 0 0.0732908
2 0 0.0730833
2 0 0.0729758
2 0 0.0728963
2 0 0.0726889
2 0 0.0725064
2 0 0.0721043
2 0 0.0718517
2 0 0.0717056
2 0 0.0713852
2 0 0.0710645
2 0 0.0706171
2 0 0.0704762
2 0 0.0701753
2 0 0.0700169
2 0 0.0687607
2 0 0.0686846
2 0 0.0683045
2 0 0.06799
2 0 0.0679547
2 0 0.0678132
2 0 0.0675124
2 0 0.0659067
2 0 0.0654195
2 0 0.0651482
2 0 0.0648886
2 0 0.0642056
2 0 0.064161
2 0 0.063883
2 0 0.0601767
2 0 0.0588392
2 0 0.0578509
2 0 0.0564653
3 0 0.148028
3 0 0.145301
3 0 0.139118
3 0 0.129383
3 0 0.123641
3 0 0.122889
3 0 0.122628
3 0 0.119316
3 0 0.119096
3 0 0.117771
3 0 0.117061
3 0 0.115844
3 0 0.113922
3 0 0.113568
3 0 0.112273
3 0 0.110553
3 0 0.110025
3 0 0.109715
3 0 0.108615
3 0 0.108142
3 0 0.108021
3 0 0.105493
3 0 0.10526
3 0 0.105034
3 0 0.104838
3 0 0.104648
3 0 0.103669
3 0 0.103604
3 0 0.102794
3 0 0.102692
3 0 0.102127
3 0 0.101866
3 0 0.101847
3 0 0.101818
3 0 0.101673
3 0 0.10126
3 0 0.101094
3 0 0.10086
3 0 0.100778
3 0 0.100045
3 0 0.0985561
3 0 0.0982924
3 0 0.097929
3 0 0.0974838
3 0 0.0973258
3 0 0.0970958
3 0 0.0968654
3 0 0.0966602
3 0 0.0962196
3 0 0.095646
3 0 0.0954551
3 0 0.0950021
3 0 0.0945876
3 0 0.0942381
3 0 0.0940373
3 0 0.093365
3 0 0.0927631
3 0 0.0922267
3 0 0.0919482
3 0 0.0913067
3 0 0.0912788
3 0 0.0905993
3 0 0.0905123
3 0 0.0904172
3 0 0.0897049
3 0 0.0895476
3 0 0.089373
3 0 0.089137
3 0 0.0891104
3 0 0.0881753
3 0 0.0876198
3 0 0.0875527
3 0 0.0874951
3 0 0.0869147
3 0 0.0865164
3 0 0.0859029
3 0 0.0851865
3 0 0.0849503
3 0 0.0840097
3 0 0.0838914
3 0 0.0835654
3 0 0.0828883
3 0 0.0828462
3 0 0.0826889
3 0 0.0820553
3 0 0.0820492
3 0 0.0813592
3 0 0.0807148
3 0 0.080409
3 0 0.0791929
3 0 0.0772225
3 0 0.0759675
3 0 0.0757945
3 0 0.0748711
3 0 0.0738121
3 0 0.0729573
3 0 0.0725047
3 0 0.0705037
3 0 0.0678788
3 0 0.0668965
4 0 0.153767
4 0 0.152293
4 0 0.15189
4 0 0.149675
4 0 0.149301
4 0 0.148259
4 0 0.145213
4 0 0.142691
4 0 0.140347
4 0 0.139476
4 0 0.139254
4 0 0.136374
4 0 0.133756
4 0 0.133573
4 0 0.133052
4 0 0.129431
4 0 0.129029
4 0 0.125573
4 0 0.124362
4 0 0.124014
4 0 0.123686
4 0 0.12367
4 0 0.123637
4 0 0.123122
4 0 0.122567
4 0 0.122441
4 0 0.122316
4 0 0.121083
4 0 0.119879
4 0 0.119493
4 0 0.118733
4 0 0.118542
4 0 0.117527
4 0 0.116791
4 0 0.11616
4 0 0.115864
4 0 0.115528
4 0 0.11527
4 0 0.114021
4 0 0.113985
4 0 0.113185
4 0 0.112891
4 0 0.112173
4 0 0.111681
4 0 0.111618
4 0 0.111472
4 0 0.110507
4 0 0.110168
4 0 0.110027
4 0 0.109403
4 0 0.10911
4 0 0.10896
4 0 0.10873
4 0 0.108005
4 0 0.107956
4 0 0.107705
4 0 0.107584
4 0 0.106285
4 0 0.106114
4 0 0.106092
4 0 0.10561
4 0 0.105409
4 0 0.105122
4 0 0.103697
4 0 0.101665
4 0 0.101592
4 0 0.101475
4 0 0.101328
4 0 0.101155
4 0 0.101025
4 0 0.100094
4 0 0.100061
4 0 0.0997747
4 0 0.0988637
4 0 0.097888
4 0 0.0973427
4 0 0.0973168
4 0 0.0971262
4 0 0.0968527
4 0 0.096765
4 0 0.0967077
4 0 0.0964213
4 0 0.0961343
4 0 0.0950514
4 0 0.0950381
4 0 0.0939615
4 0 0.0931058
4 0 0.0930226
4 0 0.0921209
4 0 0.0915061
4 0 0.0877323
4 0 0.0876923
4 0 0.0862599
4 0 0.0862015
4 0 0.086127
4 0 0.0847086
4 0 0.0823017
4 0 0.0821719
4 0 0.0798747
4 0 0.0794371
5 0 0.184149
5 0 0.180164
5 0 0.179885
5 0 0.173895
5 0 0.166353
5 0 0.162557
5 0 0.148881
5 0 0.148273
5 0 0.14751
5 0 0.146598
5 0 0.14632
5 0 0.145855
5 0 0.145848
5 0 0.144889
5 0 0.144198
5 0 0.143012
5 0 0.142752
5 0 0.141283
5 0 0.141209
5 0 0.140866
5 0 0.140506
5 0 0.140158
5 0 0.139813
5 0 0.139672
5 0 0.139346
5 0 0.139179
5 0 0.137757
5 0 0.137627
5 0 0.136901
5 0 0.136272
5 0 0.135149
5 0 0.13496
5 0 0.134104
5 0 0.133437
5 0 0.133091
5 0 0.132824
5 0 0.13229
5 0 0.132088
5 0 0.131736
5 0 0.131458
5 0 0.131387
5 0 0.131027
5 0 0.130452
5 0 0.129638
5 0 0.129422
5 0 0.129156
5 0 0.129098
5 0 0.128939
5 0 0.127645
5 0 0.127355
5 0 0.12651
5 0 0.125982
5 0 0.123974
5 0 0.122513
5 0 0.122318
5 0 0.122056
5 0 0.12171
5 0 0.121593
5 0 0.120943
5 0 0.120262
5 0 0.119446
5 0 0.118999
5 0 0.118279
5 0 0.11746
5 0 0.117361
5 0 0.117334
5 0 0.116612
5 0 0.116275
5 0 0.116087
5 0 0.115769
5 0 0.115114
5 0 0.113918
5 0 0.113885
5 0 0.113825
5 0 0.11371
5 0 0.113213
5 0 0.112814
5 0 0.112011
5 0 0.111893
5 0 0.111789
5 0 0.111624
5 0 0.111559
5 0 0.110278
5 0 0.109959
5 0 0.109253
5 0 0.107761
5 0 0.107747
5 0 0.10421
5 0 0.103997
5 0 0.103815
5 0 0.103072
5 0 0.102218
5 0 0.0994764
5 0 0.0987524
5 0 0.0961897
5 0 0.0961776
5 0 0.0961261
5 0 0.0954858
5 0 0.0916097
5 0 0.0896235
6 0 0.205165
6 0 0.189636
6 0 0.186493
6 0 0.183546
6 0 0.183046
6 0 0.178971
6 0 0.178332
6 0 0.176409
6 0 0.173562
6 0 0.170465
6 0 0.168806
6 0 0.168176
6 0 0.166414
6 0 0.164457
6 0 0.164132
6 0 0.162871
6 0 0.162009
6 0 0.16111
6 0 0.159948
6 0 0.159716
6 0 0.159431
6 0 0.158503
6 0 0.157988
6 0 0.157827
6 0 0.155235
6 0 0.154902
6 0 0.153531
6 0 0.152052
6 0 0.152017
6 0 0.150501
6 0 0.150424
6 0 0.150108
6 0 0.148517
6 0 0.148501
6 0 0.148114
6 0 0.147372
6 0 0.147225
6 0 0.147116
6 0 0.146363
6 0 0.145894
6 0 0.145433
6 0 0.145314
6 0 0.145112
6 0 0.14427
6 0 0.14338
6 0 0.142584
6 0 0.141629
6 0 0.141496
6 0 0.141013
6 0 0.140196
6 0 0.139754
6 0 0.139416
6 0 0.139155
6 0 0.139011
6 0 0.138314
6 0 0.136699
6 0 0.136512
6 0 0.13605
6 0 0.135796
6 0 0.135768
6 0 0.135657
6 0 0.135286
6 0 0.134896
6 0 0.134385
6 0 0.132688
6 0 0.132081
6 0 0.132071
6 0 0.131696
6 0 0.131403
6 0 0.131323
6 0 0.131238
6 0 0.13117
6 0 0.13017
6 0 0.130055
6 0 0.129462
6 0 0.129445
6 0 0.128828
6 0 0.128626
6 0 0.128212
6 0 0.126806
6 0 0.126548
6 0 0.126365
6 0 0.12623
6 0 0.12604
6 0 0.123481
6 0 0.123434
6 0 0.122844
6 0 0.12277
6 0 0.122375
6 0 0.119149
6 0 0.118489
6 0 0.117542
6 0 0.11743
6 0 0.115716
6 0 0.115564
6 0 0.115164
6 0 0.112512
6 0 0.112415
6 0 0.112183
6 0 0.1035
7 0 0.221631
7 0 0.205379
7 0 0.200076
7 0 0.19893
7 0 0.195723
7 0 0.195678
7 0 0.195005
7 0 0.192639
7 0 0.191904
7 0 0.191557
7 0 0.186219
7 0 0.184582
7 0 0.18446
7 0 0.183821
7 0 0.183776
7 0 0.182617
7 0 0.180206
7 0 0.178635
7 0 0.178453
7 0 0.177382
7 0 0.176341
7 0 0.176111
7 0 0.175956
7 0 0.17579
7 0 0.175726
7 0 0.174338
7 0 0.174264
7 0 0.174191
7 0 0.172223
7 0 0.171781
7 0 0.171673
7 0 0.170243
7 0 0.170217
7 0 0.168312
7 0 0.168308
7 0 0.167046
7 0 0.165733
7 0 0.165219
7 0 0.165172
7 0 0.164052
7 0 0.163128
7 0 0.163077
7 0 0.162719
7 0 0.162649
7 0 0.162308
7 0 0.16208
7 0 0.161601
7 0 0.161468
7 0 0.160316
7 0 0.1602
7 0 0.15982
7 0 0.159791
7 0 0.159521
7 0 0.159268
7 0 0.159146
7 0 0.158884
7 0 0.158146
7 0 0.158091
7 0 0.156337
7 0 0.155898
7 0 0.155399
7 0 0.154748
7 0 0.154005
7 0 0.153975
7 0 0.153864
7 0 0.151539
7 0 0.151505
7 0 0.15122
7 0 0.150443
7 0 0.150104
7 0 0.149533
7 0 0.149153
7 0 0.149054
7 0 0.148224
7 0 0.147921
7 0 0.14748
7 0 0.145681
7 0 0.145248
7 0 0.145225
7 0 0.144509
7 0 0.144309
7 0 0.144255
7 0 0.143923
7 0 0.14354
7 0 0.142919
7 0 0.142297
7 0 0.140409
7 0 0.139791
7 0 0.138535
7 0 0.137832
7 0 0.137576
7 0 0.137282
7 0 0.134181
7 0 0.132695
7 0 0.13229
7 0 0.131296
7 0 0.129908
7 0 0.128111
7 0 0.121359
7 0 0.116419
8 0 0.209516
8 0 0.204718
8 0 0.199682
8 0 0.198403
8 0 0.198351
8 0 0.198275
8 0 0.197844
8 0 0.196962
8 0 0.196599
8 0 0.196477
8 0 0.196081
8 0 0.195144
8 0 0.193564
8 0 0.192605
8 0 0.192457
8 0 0.191983
8 0 0.188646
8 0 0.187973
8 0 0.186318
8 0 0.184789
8 0 0.18387
8 0 0.183831
8 0 0.183663
8 0 0.182805
8 0 0.182405
8 0 0.182372
8 0 0.182177
8 0 0.178933
8 0 0.178805
8 0 0.178565
8 0 0.17776
8 0 0.177365
8 0 0.177289
8 0 0.177257
8 0 0.176688
8 0 0.176648
8 0 0.176473
8 0 0.176357
8 0 0.175879
8 0 0.175792
8 0 0.175466
8 0 0.175329
8 0 0.17501
8 0 0.174646
8 0 0.173521
8 0 0.172125
8 0 0.171795
8 0 0.171161
8 0 0.170775
8 0 0.170323
8 0 0.170236
8 0 0.170032
8 0 0.169399
8 0 0.169387
8 0 0.169084
8 0 0.168715
8 0 0.168395
8 0 0.168276
8 0 0.168222
8 0 0.167934
8 0 0.167388
8 0 0.167019
8 0 0.166967
8 0 0.166553
8 0 0.166341
8 0 0.166034
8 0 0.165378
8 0 0.16533
8 0 0.165178
8 0 0.164978
8 0 0.164476
8 0 0.164276
8 0 0.164231
8 0 0.164084
8 0 0.163742
8 0 0.163628
8 0 0.163129
8 0 0.162855
8 0 0.1628
8 0 0.161923
8 0 0.161907
8 0 0.161831
8 0 0.16173
8 0 0.161399
8 0 0.160408
8 0 0.160239
8 0 0.159969
8 0 0.158523
8 0 0.157993
8 0 0.157325
8 0 0.155564
8 0 0.153102
8 0 0.151243
8 0 0.150728
8 0 0.150104
8 0 0.146418
8 0 0.142764
8 0 0.140632
8 0 0.140494
8 0 0.13996
9 0 0.236009
9 0 0.231781
9 0 0.230467
9 0 0.229666
9 0 0.228404
9 0 0.226737
9 0 0.211458
9 0 0.210441
9 0 0.201222
9 0 0.200543
9 0 0.199992
9 0 0.199927
9 0 0.199084
9 0 0.19817
9 0 0.196574
9 0 0.196262
9 0 0.195393
9 0 0.195125
9 0 0.19373
9 0 0.193705
9 0 0.19317
9 0 0.192614
9 0 0.192515
9 0 0.192403
9 0 0.192271
9 0 0.191758
9 0 0.191278
9 0 0.190937
9 0 0.190707
9 0 0.190693
9 0 0.18966
9 0 0.189008
9 0 0.187758
9 0 0.187564
9 0 0.187547
9 0 0.186545
9 0 0.186142
9 0 0.186123
9 0 0.186047
9 0 0.185215
9 0 0.184669
9 0 0.184298
9 0 0.18423
9 0 0.183838
9 0 0.18317
9 0 0.182905
9 0 0.182856
9 0 0.182831
9 0 0.182785
9 0 0.182246
9 0 0.181822
9 0 0.181814
9 0 0.180448
9 0 0.180062
9 0 0.18001
9 0 0.17962
9 0 0.179073
9 0 0.178888
9 0 0.178548
9 0 0.178497
9 0 0.177584
9 0 0.177195
9 0 0.176752
9 0 0.176211
9 0 0.175899
9 0 0.175811
9 0 0.175654
9 0 0.175228
9 0 0.174973
9 0 0.174847
9 0 0.17395
9 0 0.173939
9 0 0.173672
9 0 0.173146
9 0 0.173061
9 0 0.173018
9 0 0.172913
9 0 0.172585
9 0 0.17202
9 0 0.171607
9 0 0.17125
9 0 0.171042
9 0 0.171041
9 0 0.170972
9 0 0.170689
9 0 0.170536
9 0 0.170389
9 0 0.169328
9 0 0.167283
9 0 0.167222
9 0 0.167057
9 0 0.165889
9 0 0.16553
9 0 0.164752
9 0 0.164555
9 0 0.159954
9 0 0.159095
9 0 0.15431
9 0 0.149433
9 0 0.147921
10 0 0.26036
10 0 0.258336
10 0 0.243287
10 0 0.227887
10 0 0.22768
10 0 0.227599
10 0 0.227326
10 0 0.226022
10 0 0.22421
10 0 0.223961
10 0 0.223575
10 0 0.22242
10 0 0.219294
10 0 0.216139
10 0 0.215569
10 0 0.213806
10 0 0.212516
10 0 0.212507
10 0 0.211815
10 0 0.21167
10 0 0.209624
10 0 0.207466
10 0 0.207385
10 0 0.206483
10 0 0.204889
10 0 0.204647
10 0 0.20247
10 0 0.202321
10 0 0.20088
10 0 0.200703
10 0 0.200679
10 0 0.200629
10 0 0.200364
10 0 0.200114
10 0 0.19933
10 0 0.19882
10 0 0.197645
10 0 0.197399
10 0 0.196923
10 0 0.196118
10 0 0.195627
10 0 0.19553
10 0 0.195377
10 0 0.195296
10 0 0.194804
10 0 0.194719
10 0 0.194648
10 0 0.194211
10 0 0.19326
10 0 0.192548
10 0 0.192486
10 0 0.192225
10 0 0.192216
10 0 0.191833
10 0 0.191264
10 0 0.191081
10 0 0.190967
10 0 0.190422
10 0 0.190359
10 0 0.19029
10 0 0.189539
10 0 0.189292
10 0 0.188901
10 0 0.188872
10 0 0.18834
10 0 0.188201
10 0 0.187943
10 0 0.187796
10 0 0.187291
10 0 0.186983
10 0 0.186602
10 0 0.186104
10 0 0.185326
10 0 0.185296
10 0 0.185106
10 0 0.184779
10 0 0.184462
10 0 0.184025
10 0 0.18398
10 0 0.183772
10 0 0.183676
10 0 0.183404
10 0 0.1834
10 0 0.183257
10 0 0.182428
10 0 0.181963
10 0 0.181047
10 0 0.180823
10 0 0.180451
10 0 0.179806
10 0 0.179775
10 0 0.178523
10 0 0.176302
10 0 0.169781
10 0 0.169686
10 0 0.169234
10 0 0.16847
10 0 0.16812
10 0 0.160163
10 0 0.159381
11 0 0.313736
11 0 0.269947
11 0 0.268031
11 0 0.259133
11 0 0.258309
11 0 0.258304
11 0 0.256641
11 0 0.247921
11 0 0.246913
11 0 0.24395
11 0 0.243191
11 0 0.242049
11 0 0.241327
11 0 0.240357
11 0 0.239153
11 0 0.236285
11 0 0.233878
11 0 0.232872
11 0 0.232557
11 0 0.231636
11 0 0.230784
11 0 0.230235
11 0 0.229716
11 0 0.229328
11 0 0.227687
11 0 0.227086
11 0 0.22677
11 0 0.226612
11 0 0.226501
11 0 0.224754
11 0 0.223685
11 0 0.223667
11 0 0.22269
11 0 0.221674
11 0 0.219871
11 0 0.219041
11 0 0.218978
11 0 0.218963
11 0 0.218326
11 0 0.218313
11 0 0.217428
11 0 0.217191
11 0 0.217069
11 0 0.216992
11 0 0.21691
11 0 0.216893
11 0 0.216628
11 0 0.216077
11 0 0.21476
11 0 0.214536
11 0 0.213513
11 0 0.213492
11 0 0.212887
11 0 0.211695
11 0 0.211297
11 0 0.211145
11 0 0.21046
11 0 0.210021
11 0 0.208697
11 0 0.208491
11 0 0.207965
11 0 0.206483
11 0 0.204502
11 0 0.203995
11 0 0.203232
11 0 0.202108
11 0 0.201998
11 0 0.20015
11 0 0.199984
11 0 0.199885
11 0 0.198115
11 0 0.197764
11 0 0.197734
11 0 0.19738
11 0 0.196817
11 0 0.196073
11 0 0.196063
11 0 0.195887
11 0 0.195723
11 0 0.194455
11 0 0.193263
11 0 0.193107
11 0 0.18988
11 0 0.189783
11 0 0.18937
11 0 0.189231
11 0 0.188317
11 0 0.187658
11 0 0.187492
11 0 0.187358
11 0 0.186679
11 0 0.186644
11 0 0.185911
11 0 0.184125
11 0 0.182906
11 0 0.182469
11 0 0.178931
11 0 0.177251
11 0 0.176739
11 0 0.176229
12 0 0.307268
12 0 0.289686
12 0 0.277034
12 0 0.274901
12 0 0.272434
12 0 0.269875
12 0 0.264155
12 0 0.261769
12 0 0.259717
12 0 0.256671
12 0 0.256324
12 0 0.254615
12 0 0.253931
12 0 0.25329
12 0 0.251417
12 0 0.2514
12 0 0.250952
12 0 0.250513
12 0 0.248878
12 0 0.247755
12 0 0.247498
12 0 0.24619
12 0 0.24578
12 0 0.245551
12 0 0.244916
12 0 0.243903
12 0 0.243733
12 0 0.241689
12 0 0.239287
12 0 0.238996
12 0 0.236846
12 0 0.234849
12 0 0.234278
12 0 0.233236
12 0 0.233018
12 0 0.232934
12 0 0.231432
12 0 0.231072
12 0 0.230345
12 0 0.230231
12 0 0.23007
12 0 0.229685
12 0 0.229473
12 0 0.228378
12 0 0.22785
12 0 0.227798
12 0 0.22755
12 0 0.227543
12 0 0.227321
12 0 0.226738
12 0 0.226643
12 0 0.226339
12 0 0.225929
12 0 0.225766
12 0 0.225637
12 0 0.223869
12 0 0.223475
12 0 0.223223
12 0 0.222681
12 0 0.222169
12 0 0.222102
12 0 0.222048
12 0 0.222037
12 0 0.220856
12 0 0.220846
12 0 0.220764
12 0 0.220572
12 0 0.220496
12 0 0.219965
12 0 0.219406
12 0 0.219283
12 0 0.218976
12 0 0.218821
12 0 0.218764
12 0 0.21852
12 0 0.218374
12 0 0.217886
12 0 0.217733
12 0 0.217622
12 0 0.217394
12 0 0.217162
12 0 0.217141
12 0 0.216754
12 0 0.2167
12 0 0.216017
12 0 0.215828
12 0 0.215742
12 0 0.215441
12 0 0.214663
12 0 0.213086
12 0 0.212771
12 0 0.211777
12 0 0.205987
12 0 0.205834
12 0 0.202916
12 0 0.200638
12 0 0.200631
12 0 0.199623
12 0 0.192851
12 0 0.183111
13 0 0.332215
13 0 0.315165
13 0 0.31384
13 0 0.305985
13 0 0.304104
13 0 0.30382
13 0 0.303548
13 0 0.288178
13 0 0.281802
13 0 0.280485
13 0 0.279449
13 0 0.279272
13 0 0.278367
13 0 0.277699
13 0 0.27305
13 0 0.271419
13 0 0.270644
13 0 0.270031
13 0 0.268482
13 0 0.268006
13 0 0.266409
13 0 0.265841
13 0 0.265739
13 0 0.264561
13 0 0.263623
13 0 0.262053
13 0 0.259357
13 0 0.258149
13 0 0.257449
13 0 0.257212
13 0 0.255191
13 0 0.254855
13 0 0.251835
13 0 0.25102
13 0 0.250286
13 0 0.249906
13 0 0.249692
13 0 0.249472
13 0 0.249472
13 0 0.248179
13 0 0.248043
13 0 0.24797
13 0 0.246003
13 0 0.246002
13 0 0.245786
13 0 0.245534
13 0 0.245445
13 0 0.244878
13 0 0.243535
13 0 0.24267
13 0 0.241066
13 0 0.240831
13 0 0.240815
13 0 0.239977
13 0 0.239797
13 0 0.239711
13 0 0.238909
13 0 0.238226
13 0 0.237648
13 0 0.23733
13 0 0.237077
13 0 0.236062
13 0 0.234253
13 0 0.234158
13 0 0.233704
13 0 0.233445
13 0 0.232945
13 0 0.232454
13 0 0.232361
13 0 0.231535
13 0 0.229524
13 0 0.229478
13 0 0.229465
13 0 0.229361
13 0 0.228847
13 0 0.22797
13 0 0.227966
13 0 0.227943
13 0 0.227792
13 0 0.227064
13 0 0.226946
13 0 0.226479
13 0 0.226405
13 0 0.225818
13 0 0.225496
13 0 0.225402
13 0 0.223939
13 0 0.221029
13 0 0.219522
13 0 0.218255
13 0 0.218179
13 0 0.217826
13 0 0.21721
13 0 0.216204
13 0 0.215252
13 0 0.215139
13 0 0.213105
13 0 0.209568
13 0 0.206365
13 0 0.199853
14 0 0.338347
14 0 0.334846
14 0 0.333659
14 0 0.331645
14 0 0.319785
14 0 0.318534
14 0 0.314049
14 0 0.312543
14 0 0.311433
14 0 0.308316
14 0 0.307959
14 0 0.306509
14 0 0.304876
14 0 0.3042
14 0 0.303099
14 0 0.299714
14 0 0.298555
14 0 0.298485
14 0 0.294176
14 0 0.292409
14 0 0.290275
14 0 0.287286
14 0 0.287093
14 0 0.286177
14 0 0.285327
14 0 0.283566
14 0 0.282963
14 0 0.281287
14 0 0.27973
14 0 0.279404
14 0 0.278271
14 0 0.277985
14 0 0.274755
14 0 0.274501
14 0 0.273772
14 0 0.273766
14 0 0.273347
14 0 0.273205
14 0 0.273159
14 0 0.271938
14 0 0.27115
14 0 0.269779
14 0 0.267834
14 0 0.266365
14 0 0.265254
14 0 0.264228
14 0 0.263936
14 0 0.262199
14 0 0.258897
14 0 0.258339
14 0 0.256044
14 0 0.255773
14 0 0.255484
14 0 0.255427
14 0 0.25542
14 0 0.254429
14 0 0.254403
14 0 0.254357
14 0 0.254296
14 0 0.252076
14 0 0.251619
14 0 0.251523
14 0 0.250352
14 0 0.250086
14 0 0.249978
14 0 0.24969
14 0 0.249664
14 0 0.249625
14 0 0.249169
14 0 0.24896
14 0 0.248875
14 0 0.248155
14 0 0.247686
14 0 0.247621
14 0 0.24713
14 0 0.24565
14 0 0.24526
14 0 0.244908
14 0 0.244825
14 0 0.243334
14 0 0.243324
14 0 0.242851
14 0 0.242047
14 0 0.242016
14 0 0.241974
14 0 0.24074
14 0 0.23988
14 0 0.239694
14 0 0.233236
14 0 0.231766
14 0 0.231447
14 0 0.230399
14 0 0.228497
14 0 0.226003
14 0 0.223406
14 0 0.223169
14 0 0.220822
14 0 0.218299
14 0 0.217169
14 0 0.216284
15 0 0.336511
15 0 0.328199
15 0 0.327787
15 0 0.327661
15 0 0.32075
15 0 0.319932
15 0 0.31904
15 0 0.31848
15 0 0.318211
15 0 0.317938
15 0 0.317584
15 0 0.314846
15 0 0.314568
15 0 0.31442
15 0 0.313742
15 0 0.312091
15 0 0.31164
15 0 0.311135
15 0 0.310673
15 0 0.310022
15 0 0.309288
15 0 0.309234
15 0 0.308362
15 0 0.307832
15 0 0.30748
15 0 0.305451
15 0 0.305344
15 0 0.304577
15 0 0.304393
15 0 0.303236
15 0 0.303148
15 0 0.303045
15 0 0.302763
15 0 0.302306
15 0 0.300887
15 0 0.299659
15 0 0.299566
15 0 0.298909
15 0 0.298857
15 0 0.297494
15 0 0.296692
15 0 0.294745
15 0 0.29286
15 0 0.292494
15 0 0.289374
15 0 0.289071
15 0 0.286971
15 0 0.2862
15 0 0.284934
15 0 0.284627
15 0 0.284564
15 0 0.284144
15 0 0.283521
15 0 0.283478
15 0 0.282448
15 0 0.281754
15 0 0.280912
15 0 0.28069
15 0 0.280644
15 0 0.27988
15 0 0.279507
15 0 0.278908
15 0 0.278389
15 0 0.276928
15 0 0.276876
15 0 0.27536
15 0 0.275313
15 0 0.27522
15 0 0.274775
15 0 0.273916
15 0 0.273854
15 0 0.273783
15 0 0.273471
15 0 0.272773
15 0 0.272274
15 0 0.271266
15 0 0.270541
15 0 0.269547
15 0 0.269396
15 0 0.269382
15 0 0.269281
15 0 0.269218
15 0 0.269058
15 0 0.268451
15 0 0.266778
15 0 0.266639
15 0 0.263824
15 0 0.262878
15 0 0.261561
15 0 0.261135
15 0 0.260799
15 0 0.25845
15 0 0.2548
15 0 0.252943
15 0 0.252103
15 0 0.248865
15 0 0.244457
15 0 0.24257
15 0 0.238164
15 0 0.231415
16 0 0.368285
16 0 0.351236
16 0 0.342199
16 0 0.3421
16 0 0.338163
16 0 0.337049
16 0 0.335032
16 0 0.33423
16 0 0.332286
16 0 0.327689
16 0 0.327483
16 0 0.327079
16 0 0.3266
16 0 0.326285
16 0 0.325215
16 0 0.324438
16 0 0.324083
16 0 0.323039
16 0 0.322767
16 0 0.322665
16 0 0.321639
16 0 0.321042
16 0 0.318951
16 0 0.318209
16 0 0.317399
16 0 0.317217
16 0 0.316733
16 0 0.316382
16 0 0.315633
16 0 0.315625
16 0 0.315443
16 0 0.315081
16 0 0.31478
16 0 0.313978
16 0 0.312227
16 0 0.312087
16 0 0.311691
16 0 0.311079
16 0 0.310658
16 0 0.309876
16 0 0.30952
16 0 0.309485
16 0 0.309416
16 0 0.309339
16 0 0.309267
16 0 0.309166
16 0 0.307992
16 0 0.307974
16 0 0.307493
16 0 0.30721
16 0 0.306917
16 0 0.306605
16 0 0.306584
16 0 0.305265
16 0 0.305174
16 0 0.305108
16 0 0.304962
16 0 0.304236
16 0 0.303258
16 0 0.302874
16 0 0.302749
16 0 0.302422
16 0 0.301009
16 0 0.300083
16 0 0.299284
16 0 0.298517
16 0 0.298058
16 0 0.297869
16 0 0.295769
16 0 0.295179
16 0 0.29502
16 0 0.293859
16 0 0.293585
16 0 0.293557
16 0 0.293179
16 0 0.293121
16 0 0.292283
16 0 0.291249
16 0 0.291207
16 0 0.291144
16 0 0.291131
16 0 0.290426
16 0 0.289067
16 0 0.288387
16 0 0.288059
16 0 0.286107
16 0 0.284773
16 0 0.281743
16 0 0.281723
16 0 0.281278
16 0 0.281257
16 0 0.279683
16 0 0.278053
16 0 0.276683
16 0 0.275143
16 0 0.270739
16 0 0.270282
16 0 0.269859
16 0 0.26629
16 0 0.259369
17 0 0.40512
17 0 0.373504
17 0 0.372858
17 0 0.365211
17 0 0.358632
17 0 0.354612
17 0 0.354141
17 0 0.350901
17 0 0.348996
17 0 0.348983
17 0 0.348377
17 0 0.348273
17 0 0.347796
17 0 0.347566
17 0 0.347445
17 0 0.345245
17 0 0.343361
17 0 0.342081
17 0 0.341528
17 0 0.34052
17 0 0.339041
17 0 0.338792
17 0 0.338129
17 0 0.337424
17 0 0.337075
17 0 0.335871
17 0 0.335829
17 0 0.335437
17 0 0.334989
17 0 0.332841
17 0 0.332391
17 0 0.332088
17 0 0.330304
17 0 0.33019
17 0 0.329418
17 0 0.329073
17 0 0.329051
17 0 0.328158
17 0 0.327628
17 0 0.325893
17 0 0.325418
17 0 0.324089
17 0 0.324
17 0 0.323749
17 0 0.323321
17 0 0.322751
17 0 0.322674
17 0 0.322595
17 0 0.32197
17 0 0.32146
17 0 0.320424
17 0 0.320115
17 0 0.319028
17 0 0.318365
17 0 0.31756
17 0 0.31748
17 0 0.317207
17 0 0.315794
17 0 0.315484
17 0 0.315214
17 0 0.31483
17 0 0.314725
17 0 0.314655
17 0 0.314399
17 0 0.313588
17 0 0.313443
17 0 0.312876
17 0 0.311593
17 0 0.311337
17 0 0.310907
17 0 0.310517
17 0 0.310233
17 0 0.310064
17 0 0.308842
17 0 0.308406
17 0 0.30674
17 0 0.306412
17 0 0.30631
17 0 0.306207
17 0 0.3055
17 0 0.305488
17 0 0.305473
17 0 0.305069
17 0 0.305007
17 0 0.304504
17 0 0.303131
17 0 0.301253
17 0 0.296978
17 0 0.29671
17 0 0.292936
17 0 0.292095
17 0 0.292021
17 0 0.286835
17 0 0.286733
17 0 0.286332
17 0 0.285811
17 0 0.285806
17 0 0.285675
17 0 0.283891
17 0 0.281497
18 0 0.386239
18 0 0.382182
18 0 0.381096
18 0 0.377926
18 0 0.373824
18 0 0.372889
18 0 0.371475
18 0 0.370294
18 0 0.369285
18 0 0.369077
18 0 0.368997
18 0 0.368531
18 0 0.368474
18 0 0.368262
18 0 0.367966
18 0 0.365114
18 0 0.364116
18 0 0.36409
18 0 0.364069
18 0 0.363091
18 0 0.362844
18 0 0.361994
18 0 0.359842
18 0 0.359408
18 0 0.359262
18 0 0.357846
18 0 0.355002
18 0 0.354211
18 0 0.352302
18 0 0.350942
18 0 0.350535
18 0 0.349795
18 0 0.34962
18 0 0.349178
18 0 0.347406
18 0 0.345834
18 0 0.344278
18 0 0.344272
18 0 0.341709
18 0 0.341286
18 0 0.341061
18 0 0.34099
18 0 0.339692
18 0 0.339032
18 0 0.338974
18 0 0.338757
18 0 0.338751
18 0 0.338472
18 0 0.338386
18 0 0.336658
18 0 0.335431
18 0 0.335229
18 0 0.335193
18 0 0.335119
18 0 0.335107
18 0 0.334234
18 0 0.334202
18 0 0.333328
18 0 0.333169
18 0 0.33296
18 0 0.332909
18 0 0.332899
18 0 0.332885
18 0 0.332632
18 0 0.332287
18 0 0.332032
18 0 0.33126
18 0 0.331067
18 0 0.330652
18 0 0.329862
18 0 0.329569
18 0 0.329502
18 0 0.329443
18 0 0.32884
18 0 0.328223
18 0 0.327999
18 0 0.32708
18 0 0.326918
18 0 0.326827
18 0 0.326718
18 0 0.326137
18 0 0.324614
18 0 0.324157
18 0 0.321174
18 0 0.320627
18 0 0.320004
18 0 0.319911
18 0 0.319104
18 0 0.318543
18 0 0.3174
18 0 0.316732
18 0 0.315452
18 0 0.315196
18 0 0.314716
18 0 0.312967
18 0 0.306
18 0 0.303625
18 0 0.30148
18 0 0.298229
18 0 0.282959
19 0 0.408839
19 0 0.406632
19 0 0.401515
19 0 0.392246
19 0 0.387149
19 0 0.38684
19 0 0.386198
19 0 0.383113
19 0 0.383034
19 0 0.382565
19 0 0.377195
19 0 0.376791
19 0 0.37608
19 0 0.373323
19 0 0.373225
19 0 0.37087
19 0 0.368761
19 0 0.367936
19 0 0.367501
19 0 0.367222
19 0 0.367023
19 0 0.366858
19 0 0.366377
19 0 0.365214
19 0 0.364857
19 0 0.363303
19 0 0.363271
19 0 0.363055
19 0 0.362897
19 0 0.36283
19 0 0.362718
19 0 0.361579
19 0 0.361022
19 0 0.360505
19 0 0.359177
19 0 0.358944
19 0 0.358862
19 0 0.358752
19 0 0.358289
19 0 0.357713
19 0 0.357629
19 0 0.35699
19 0 0.356391
19 0 0.355452
19 0 0.354159
19 0 0.354096
19 0 0.353959
19 0 0.353241
19 0 0.352561
19 0 0.351753
19 0 0.351507
19 0 0.350697
19 0 0.349633
19 0 0.349598
19 0 0.348434
19 0 0.346761
19 0 0.346709
19 0 0.345861
19 0 0.345727
19 0 0.345631
19 0 0.345249
19 0 0.345063
19 0 0.344728
19 0 0.344052
19 0 0.343825
19 0 0.34343
19 0 0.343104
19 0 0.342571
19 0 0.342112
19 0 0.341366
19 0 0.341267
19 0 0.340275
19 0 0.339586
19 0 0.339069
19 0 0.338446
19 0 0.338036
19 0 0.337878
19 0 0.33767
19 0 0.337391
19 0 0.336689
19 0 0.336375
19 0 0.335615
19 0 0.335197
19 0 0.334863
19 0 0.330553
19 0 0.328891
19 0 0.328802
19 0 0.327648
19 0 0.326827
19 0 0.326523
19 0 0.326485
19 0 0.326063
19 0 0.325425
19 0 0.323658
19 0 0.323453
19 0 0.321558
19 0 0.316726
19 0 0.313906
19 0 0.312404
19 0 0.300537
20 0 0.418954
20 0 0.415286
20 0 0.40442
20 0 0.403425
20 0 0.403406
20 0 0.402871
20 0 0.402137
20 0 0.401949
20 0 0.400325
20 0 0.398461
20 0 0.39812
20 0 0.397777
20 0 0.394897
20 0 0.393353
20 0 0.391351
20 0 0.390754
20 0 0.390482
20 0 0.389338
20 0 0.388155
20 0 0.387575
20 0 0.387228
20 0 0.385804
20 0 0.384916
20 0 0.384313
20 0 0.384194
20 0 0.383918
20 0 0.383368
20 0 0.382504
20 0 0.381662
20 0 0.381217
20 0 0.37995
20 0 0.379411
20 0 0.378377
20 0 0.377632
20 0 0.377433
20 0 0.37728
20 0 0.377007
20 0 0.376871
20 0 0.376438
20 0 0.376278
20 0 0.374857
20 0 0.374387
20 0 0.374361
20 0 0.373886
20 0 0.37321
20 0 0.372939
20 0 0.372345
20 0 0.371929
20 0 0.371734
20 0 0.368127
20 0 0.366529
20 0 0.365113
20 0 0.364586
20 0 0.364412
20 0 0.364102
20 0 0.363974
20 0 0.363499
20 0 0.361946
20 0 0.361884
20 0 0.361859
20 0 0.361839
20 0 0.361143
20 0 0.360263
20 0 0.359702
20 0 0.359546
20 0 0.359428
20 0 0.359241
20 0 0.359089
20 0 0.359038
20 0 0.358909
20 0 0.358636
20 0 0.357382
20 0 0.357086
20 0 0.356464
20 0 0.356236
20 0 0.355994
20 0 0.354973
20 0 0.354717
20 0 0.353309
20 0 0.352673
20 0 0.352151
20 0 0.351693
20 0 0.35151
20 0 0.351114
20 0 0.349609
20 0 0.349531
20 0 0.34842
20 0 0.348025
20 0 0.34754
20 0 0.346324
20 0 0.346248
20 0 0.346111
20 0 0.34554
20 0 0.341579
20 0 0.341131
20 0 0.33862
20 0 0.337073
20 0 0.3362
20 0 0.33066
20 0 0.328976
21 0 0.430014
21 0 0.419252
21 0 0.417461
21 0 0.41701
21 0 0.416745
21 0 0.415118
21 0 0.41483
21 0 0.413036
21 0 0.410472
21 0 0.40859
21 0 0.402449
21 0 0.401939
21 0 0.400628
21 0 0.40045
21 0 0.400327
21 0 0.399637
21 0 0.399456
21 0 0.39846
21 0 0.397683
21 0 0.397254
21 0 0.395756
21 0 0.393941
21 0 0.393534
21 0 0.39338
21 0 0.393241
21 0 0.393038
21 0 0.393015
21 0 0.392722
21 0 0.392316
21 0 0.392291
21 0 0.391809
21 0 0.391442
21 0 0.391329
21 0 0.390995
21 0 0.390745
21 0 0.389923
21 0 0.389556
21 0 0.388204
21 0 0.388198
21 0 0.386798
21 0 0.386176
21 0 0.386108
21 0 0.385908
21 0 0.385831
21 0 0.385537
21 0 0.385371
21 0 0.384956
21 0 0.384943
21 0 0.384623
21 0 0.383361
21 0 0.382331
21 0 0.382259
21 0 0.381757
21 0 0.381433
21 0 0.381186
21 0 0.380489
21 0 0.380083
21 0 0.379813
21 0 0.379007
21 0 0.37894
21 0 0.378936
21 0 0.377788
21 0 0.377567
21 0 0.377339
21 0 0.377104
21 0 0.375931
21 0 0.374874
21 0 0.37459
21 0 0.374111
21 0 0.374091
21 0 0.373751
21 0 0.373092
21 0 0.373
21 0 0.372869
21 0 0.372666
21 0 0.372063
21 0 0.370771
21 0 0.370755
21 0 0.370381
21 0 0.369945
21 0 0.369898
21 0 0.369832
21 0 0.369771
21 0 0.369675
21 0 0.368882
21 0 0.368178
21 0 0.367895
21 0 0.367843
21 0 0.367059
21 0 0.366299
21 0 0.365933
21 0 0.364058
21 0 0.362833
21 0 0.36119
21 0 0.360893
21 0 0.359872
21 0 0.359562
21 0 0.359555
21 0 0.357953
21 0 0.3443
22 0 0.447903
22 0 0.422442
22 0 0.422208
22 0 0.42102
22 0 0.419382
22 0 0.418155
22 0 0.416151
22 0 0.415222
22 0 0.4134
22 0 0.413
22 0 0.412607
22 0 0.412465
22 0 0.41243
22 0 0.411989
22 0 0.411425
22 0 0.411395
22 0 0.410292
22 0 0.409945
22 0 0.408993
22 0 0.408975
22 0 0.408499
22 0 0.405748
22 0 0.403546
22 0 0.4031
22 0 0.402188
22 0 0.401253
22 0 0.401125
22 0 0.40093
22 0 0.400569
22 0 0.400209
22 0 0.399432
22 0 0.39924
22 0 0.399029
22 0 0.398689
22 0 0.398618
22 0 0.398313
22 0 0.398294
22 0 0.397844
22 0 0.397502
22 0 0.397421
22 0 0.397355
22 0 0.396977
22 0 0.396562
22 0 0.395939
22 0 0.395678
22 0 0.395296
22 0 0.394467
22 0 0.394464
22 0 0.393974
22 0 0.393926
22 0 0.39385
22 0 0.393812
22 0 0.393449
22 0 0.393364
22 0 0.3932
22 0 0.393076
22 0 0.392447
22 0 0.391668
22 0 0.391628
22 0 0.391573
22 0 0.39144
22 0 0.391403
22 0 0.390998
22 0 0.390676
22 0 0.390366
22 0 0.389454
22 0 0.388788
22 0 0.388738
22 0 0.388723
22 0 0.3886
22 0 0.388589
22 0 0.388515
22 0 0.387907
22 0 0.387793
22 0 0.387115
22 0 0.386987
22 0 0.386912
22 0 0.386217
22 0 0.385693
22 0 0.38549
22 0 0.384833
22 0 0.38444
22 0 0.384182
22 0 0.384123
22 0 0.383524
22 0 0.383136
22 0 0.382806
22 0 0.382237
22 0 0.382008
22 0 0.381572
22 0 0.381477
22 0 0.380551
22 0 0.379753
22 0 0.377867
22 0 0.374992
22 0 0.374789
22 0 0.371622
22 0 0.364755
22 0 0.362444
22 0 0.360918
23 0 0.452348
23 0 0.452123
23 0 0.444488
23 0 0.443567
23 0 0.433032
23 0 0.432315
23 0 0.431231
23 0 0.430063
23 0 0.428639
23 0 0.427648
23 0 0.426587
23 0 0.426417
23 0 0.4258
23 0 0.425208
23 0 0.424598
23 0 0.424295
23 0 0.424256
23 0 0.424209
23 0 0.421958
23 0 0.421145
23 0 0.419864
23 0 0.419808
23 0 0.419273
23 0 0.41851
23 0 0.415914
23 0 0.415868
23 0 0.41553
23 0 0.414981
23 0 0.414972
23 0 0.414751
23 0 0.414297
23 0 0.413874
23 0 0.413755
23 0 0.41325
23 0 0.412794
23 0 0.412531
23 0 0.412335
23 0 0.412189
23 0 0.411612
23 0 0.410872
23 0 0.410737
23 0 0.410313
23 0 0.409354
23 0 0.408451
23 0 0.407446
23 0 0.407417
23 0 0.407222
23 0 0.406344
23 0 0.405526
23 0 0.405242
23 0 0.404554
23 0 0.404552
23 0 0.403145
23 0 0.40297
23 0 0.402086
23 0 0.40198
23 0 0.401527
23 0 0.400386
23 0 0.399753
23 0 0.39952
23 0 0.399431
23 0 0.399361
23 0 0.398908
23 0 0.398904
23 0 0.398564
23 0 0.398392
23 0 0.396808
23 0 0.396608
23 0 0.395917
23 0 0.395693
23 0 0.395223
23 0 0.394973
23 0 0.394542
23 0 0.394328
23 0 0.394302
23 0 0.394167
23 0 0.393881
23 0 0.393744
23 0 0.393709
23 0 0.39303
23 0 0.391505
23 0 0.391342
23 0 0.391158
23 0 0.391132
23 0 0.390049
23 0 0.389638
23 0 0.389502
23 0 0.388831
23 0 0.388045
23 0 0.386573
23 0 0.386046
23 0 0.385757
23 0 0.385226
23 0 0.384816
23 0 0.384617
23 0 0.382979
23 0 0.378533
23 0 0.377932
23 0 0.375382
23 0 0.369943
24 0 0.477089
24 0 0.45529
24 0 0.453693
24 0 0.452983
24 0 0.452966
24 0 0.452737
24 0 0.448029
24 0 0.447098
24 0 0.445695
24 0 0.445045
24 0 0.442597
24 0 0.44207
24 0 0.44181
24 0 0.441719
24 0 0.440529
24 0 0.439919
24 0 0.435894
24 0 0.434142
24 0 0.433892
24 0 0.433062
24 0 0.431558
24 0 0.430134
24 0 0.429606
24 0 0.429578
24 0 0.429506
24 0 0.429411
24 0 0.428947
24 0 0.428939
24 0 0.428286
24 0 0.428229
24 0 0.428148
24 0 0.426704
24 0 0.426446
24 0 0.426146
24 0 0.426013
24 0 0.425983
24 0 0.425764
24 0 0.425741
24 0 0.425408
24 0 0.424946
24 0 0.424611
24 0 0.423687
24 0 0.422873
24 0 0.422573
24 0 0.421597
24 0 0.421146
24 0 0.421119
24 0 0.420881
24 0 0.419999
24 0 0.419569
24 0 0.418757
24 0 0.418029
24 0 0.41777
24 0 0.417741
24 0 0.416787
24 0 0.416468
24 0 0.415353
24 0 0.415218
24 0 0.414733
24 0 0.413735
24 0 0.413192
24 0 0.412703
24 0 0.412703
24 0 0.412592
24 0 0.412444
24 0 0.411257
24 0 0.411251
24 0 0.411146
24 0 0.41042
24 0 0.4093
24 0 0.409295
24 0 0.408824
24 0 0.408129
24 0 0.407951
24 0 0.405303
24 0 0.404792
24 0 0.40476
24 0 0.40473
24 0 0.404508
24 0 0.404151
24 0 0.40363
24 0 0.403538
24 0 0.402868
24 0 0.402683
24 0 0.402151
24 0 0.401191
24 0 0.40099
24 0 0.400873
24 0 0.400818
24 0 0.400726
24 0 0.400214
24 0 0.399518
24 0 0.399255
24 0 0.398875
24 0 0.398673
24 0 0.398555
24 0 0.395613
24 0 0.389667
24 0 0.388008
24 0 0.384274
25 0 0.500202
25 0 0.463277
25 0 0.461731
25 0 0.461298
25 0 0.460817
25 0 0.460571
25 0 0.459711
25 0 0.458983
25 0 0.454887
25 0 0.454748
25 0 0.45348
25 0 0.453147
25 0 0.452374
25 0 0.451728
25 0 0.451625
25 0 0.451428
25 0 0.450196
25 0 0.449668
25 0 0.449179
25 0 0.448971
25 0 0.448942
25 0 0.448397
25 0 0.448045
25 0 0.447219
25 0 0.446904
25 0 0.44586
25 0 0.445357
25 0 0.445333
25 0 0.444531
25 0 0.443602
25 0 0.443435
25 0 0.442943
25 0 0.442532
25 0 0.441363
25 0 0.440943
25 0 0.440538
25 0 0.4397
25 0 0.439293
25 0 0.439002
25 0 0.437554
25 0 0.436557
25 0 0.436476
25 0 0.436474
25 0 0.43639
25 0 0.436242
25 0 0.436093
25 0 0.435603
25 0 0.434942
25 0 0.43446
25 0 0.434117
25 0 0.433656
25 0 0.433468
25 0 0.433089
25 0 0.432727
25 0 0.431883
25 0 0.430961
25 0 0.429333
25 0 0.428909
25 0 0.428833
25 0 0.428438
25 0 0.428283
25 0 0.42794
25 0 0.42747
25 0 0.427371
25 0 0.425875
25 0 0.425798
25 0 0.425416
25 0 0.424411
25 0 0.424238
25 0 0.423758
25 0 0.423602
25 0 0.423314
25 0 0.422633
25 0 0.422559
25 0 0.422504
25 0 0.420733
25 0 0.420718
25 0 0.420606
25 0 0.419766
25 0 0.419418
25 0 0.418843
25 0 0.418088
25 0 0.417272
25 0 0.416933
25 0 0.416731
25 0 0.416086
25 0 0.415787
25 0 0.41566
25 0 0.413115
25 0 0.412851
25 0 0.410631
25 0 0.410462
25 0 0.410266
25 0 0.409934
25 0 0.409855
25 0 0.409756
25 0 0.408135
25 0 0.403839
25 0 0.403513
25 0 0.39128
26 0 0.488618
26 0 0.488486
26 0 0.484316
26 0 0.48426
26 0 0.481526
26 0 0.480531
26 0 0.479135
26 0 0.469416
26 0 0.467465
26 0 0.465523
26 0 0.464751
26 0 0.464748
26 0 0.464501
26 0 0.464283
26 0 0.463895
26 0 0.46333
26 0 0.463119
26 0 0.462168
26 0 0.461605
26 0 0.461277
26 0 0.461235
26 0 0.460521
26 0 0.459905
26 0 0.459865
26 0 0.459523
26 0 0.459491
26 0 0.458261
26 0 0.458085
26 0 0.457869
26 0 0.457633
26 0 0.45687
26 0 0.45652
26 0 0.45646
26 0 0.455825
26 0 0.455423
26 0 0.455343
26 0 0.454857
26 0 0.454508
26 0 0.454054
26 0 0.453974
26 0 0.453384
26 0 0.45313
26 0 0.453064
26 0 0.452808
26 0 0.452149
26 0 0.451735
26 0 0.451495
26 0 0.450928
26 0 0.450001
26 0 0.449976
26 0 0.448779
26 0 0.448285
26 0 0.448053
26 0 0.447421
26 0 0.447402
26 0 0.447393
26 0 0.447121
26 0 0.446909
26 0 0.446456
26 0 0.446169
26 0 0.446154
26 0 0.445678
26 0 0.445117
26 0 0.445112
26 0 0.445082
26 0 0.444941
26 0 0.444681
26 0 0.443973
26 0 0.443891
26 0 0.44377
26 0 0.44362
26 0 0.443389
26 0 0.443384
26 0 0.443141
26 0 0.443008
26 0 0.440967
26 0 0.440913
26 0 0.44081
26 0 0.440619
26 0 0.439957
26 0 0.439759
26 0 0.439644
26 0 0.439103
26 0 0.438768
26 0 0.43875
26 0 0.438656
26 0 0.437035
26 0 0.436623
26 0 0.436255
26 0 0.435668
26 0 0.435662
26 0 0.435092
26 0 0.434577
26 0 0.434168
26 0 0.434125
26 0 0.431121
26 0 0.428149
26 0 0.424527
26 0 0.423146
26 0 0.420391
27 0 0.488646
27 0 0.486633
27 0 0.486095
27 0 0.481026
27 0 0.479232
27 0 0.479163
27 0 0.478928
27 0 0.476775
27 0 0.476361
27 0 0.47497
27 0 0.474414
27 0 0.474336
27 0 0.474225
27 0 0.474175
27 0 0.472359
27 0 0.470516
27 0 0.469199
27 0 0.469012
27 0 0.467813
27 0 0.467372
27 0 0.466416
27 0 0.466058
27 0 0.46597
27 0 0.465961
27 0 0.46576
27 0 0.465724
27 0 0.464989
27 0 0.464939
27 0 0.464923
27 0 0.464886
27 0 0.464857
27 0 0.46449
27 0 0.464284
27 0 0.463559
27 0 0.463313
27 0 0.46309
27 0 0.462832
27 0 0.461824
27 0 0.461517
27 0 0.461199
27 0 0.46103
27 0 0.460655
27 0 0.459999
27 0 0.459734
27 0 0.459006
27 0 0.458949
27 0 0.458607
27 0 0.458174
27 0 0.458036
27 0 0.4579
27 0 0.457561
27 0 0.456945
27 0 0.45683
27 0 0.455786
27 0 0.455547
27 0 0.454973
27 0 0.454644
27 0 0.454233
27 0 0.453464
27 0 0.453421
27 0 0.45311
27 0 0.453066
27 0 0.452896
27 0 0.452079
27 0 0.451497
27 0 0.451386
27 0 0.451168
27 0 0.450369
27 0 0.450109
27 0 0.449556
27 0 0.449551
27 0 0.449101
27 0 0.449078
27 0 0.44871
27 0 0.448549
27 0 0.447815
27 0 0.447779
27 0 0.447768
27 0 0.447387
27 0 0.447174
27 0 0.446954
27 0 0.446719
27 0 0.445427
27 0 0.444139
27 0 0.442882
27 0 0.442786
27 0 0.441389
27 0 0.441051
27 0 0.439724
27 0 0.43879
27 0 0.437557
27 0 0.436812
27 0 0.436489
27 0 0.436476
27 0 0.435004
27 0 0.43406
27 0 0.432806
27 0 0.43273
27 0 0.431557
27 0 0.430058
28 0 0.505351
28 0 0.496738
28 0 0.494769
28 0 0.494729
28 0 0.488809
28 0 0.488522
28 0 0.486481
28 0 0.48594
28 0 0.481624
28 0 0.481235
28 0 0.481043
28 0 0.480964
28 0 0.480765
28 0 0.4799
28 0 0.479743
28 0 0.479635
28 0 0.478719
28 0 0.478508
28 0 0.478164
28 0 0.47805
28 0 0.477728
28 0 0.476559
28 0 0.476401
28 0 0.476386
28 0 0.475569
28 0 0.474962
28 0 0.474917
28 0 0.47468
28 0 0.474489
28 0 0.474383
28 0 0.47431
28 0 0.474304
28 0 0.473776
28 0 0.472801
28 0 0.472082
28 0 0.471583
28 0 0.470528
28 0 0.470339
28 0 0.470135
28 0 0.469977
28 0 0.469484
28 0 0.469253
28 0 0.469204
28 0 0.469155
28 0 0.468996
28 0 0.468632
28 0 0.468236
28 0 0.467816
28 0 0.465472
28 0 0.465455
28 0 0.465255
28 0 0.464591
28 0 0.464048
28 0 0.463732
28 0 0.463437
28 0 0.463204
28 0 0.463065
28 0 0.462922
28 0 0.462819
28 0 0.461866
28 0 0.461821
28 0 0.46148
28 0 0.461278
28 0 0.461105
28 0 0.460615
28 0 0.460297
28 0 0.459666
28 0 0.459171
28 0 0.458964
28 0 0.458839
28 0 0.458328
28 0 0.457879
28 0 0.457271
28 0 0.457008
28 0 0.456721
28 0 0.456511
28 0 0.456473
28 0 0.456129
28 0 0.456016
28 0 0.455026
28 0 0.454956
28 0 0.454108
28 0 0.453808
28 0 0.453685
28 0 0.453636
28 0 0.453494
28 0 0.452364
28 0 0.452264
28 0 0.451663
28 0 0.451436
28 0 0.450464
28 0 0.449782
28 0 0.449561
28 0 0.449229
28 0 0.448253
28 0 0.448252
28 0 0.444892
28 0 0.443929
28 0 0.440734
28 0 0.438627
29 0 0.520148
29 0 0.518227
29 0 0.511424
29 0 0.505141
29 0 0.502031
29 0 0.501862
29 0 0.5017
29 0 0.499813
29 0 0.49948
29 0 0.498971
29 0 0.496257
29 0 0.495127
29 0 0.49372
29 0 0.493612
29 0 0.493537
29 0 0.493103
29 0 0.490758
29 0 0.490264
29 0 0.489722
29 0 0.488793
29 0 0.488733
29 0 0.488531
29 0 0.486266
29 0 0.485778
29 0 0.485511
29 0 0.485199
29 0 0.485159
29 0 0.484653
29 0 0.484522
29 0 0.483163
29 0 0.482919
29 0 0.482739
29 0 0.482306
29 0 0.482186
29 0 0.482174
29 0 0.481625
29 0 0.48139
29 0 0.481178
29 0 0.481059
29 0 0.48048
29 0 0.480205
29 0 0.479481
29 0 0.479434
29 0 0.478785
29 0 0.478514
29 0 0.478478
29 0 0.478458
29 0 0.478063
29 0 0.477859
29 0 0.477853
29 0 0.477313
29 0 0.477037
29 0 0.476271
29 0 0.476193
29 0 0.475928
29 0 0.474983
29 0 0.474569
29 0 0.474568
29 0 0.473431
29 0 0.473421
29 0 0.473338
29 0 0.473284
29 0 0.473252
29 0 0.472866
29 0 0.47283
29 0 0.472196
29 0 0.471966
29 0 0.47184
29 0 0.471835
29 0 0.471481
29 0 0.47111
29 0 0.470919
29 0 0.470674
29 0 0.469699
29 0 0.469446
29 0 0.469178
29 0 0.468908
29 0 0.468384
29 0 0.467955
29 0 0.46698
29 0 0.466382
29 0 0.465917
29 0 0.465521
29 0 0.465381
29 0 0.464515
29 0 0.464392
29 0 0.462961
29 0 0.462871
29 0 0.462784
29 0 0.462187
29 0 0.461296
29 0 0.460459
29 0 0.45974
29 0 0.457997
29 0 0.454941
29 0 0.45267
29 0 0.451005
29 0 0.450765
29 0 0.447525
29 0 0.439926
30 0 0.535675
30 0 0.526723
30 0 0.524062
30 0 0.523635
30 0 0.519736
30 0 0.518877
30 0 0.516703
30 0 0.513503
30 0 0.510989
30 0 0.510389
30 0 0.509985
30 0 0.508727
30 0 0.507533
30 0 0.5068
30 0 0.505612
30 0 0.504276
30 0 0.503865
30 0 0.502441
30 0 0.502114
30 0 0.501976
30 0 0.499815
30 0 0.49921
30 0 0.498711
30 0 0.498245
30 0 0.498239
30 0 0.497932
30 0 0.497117
30 0 0.496911
30 0 0.496144
30 0 0.49614
30 0 0.496102
30 0 0.495839
30 0 0.494996
30 0 0.494795
30 0 0.492933
30 0 0.491871
30 0 0.491683
30 0 0.491237
30 0 0.490618
30 0 0.488848
30 0 0.48882
30 0 0.488297
30 0 0.488249
30 0 0.487987
30 0 0.487095
30 0 0.486868
30 0 0.4867
30 0 0.485647
30 0 0.485287
30 0 0.485269
30 0 0.484778
30 0 0.484602
30 0 0.484352
30 0 0.484336
30 0 0.483727
30 0 0.48306
30 0 0.482961
30 0 0.482883
30 0 0.48242
30 0 0.482272
30 0 0.481927
30 0 0.481718
30 0 0.481716
30 0 0.481646
30 0 0.481498
30 0 0.481298
30 0 0.481131
30 0 0.48064
30 0 0.480552
30 0 0.48018
30 0 0.480084
30 0 0.479928
30 0 0.47864
30 0 0.478217
30 0 0.478085
30 0 0.477473
30 0 0.476339
30 0 0.476083
30 0 0.475838
30 0 0.475598
30 0 0.47477
30 0 0.474534
30 0 0.474242
30 0 0.473709
30 0 0.473631
30 0 0.47323
30 0 0.472954
30 0 0.470675
30 0 0.470523
30 0 0.469599
30 0 0.46923
30 0 0.469164
30 0 0.468025
30 0 0.46779
30 0 0.465737
30 0 0.463543
30 0 0.461566
30 0 0.455484
30 0 0.452895
30 0 0.448418
31 0 0.547044
31 0 0.542798
31 0 0.53767
31 0 0.535488
31 0 0.529966
31 0 0.528457
31 0 0.526992
31 0 0.526951
31 0 0.526875
31 0 0.526045
31 0 0.524482
31 0 0.52326
31 0 0.522654
31 0 0.521202
31 0 0.52011
31 0 0.519434
31 0 0.518813
31 0 0.51505
31 0 0.51456
31 0 0.513431
31 0 0.513161
31 0 0.512418
31 0 0.511545
31 0 0.511289
31 0 0.510719
31 0 0.510683
31 0 0.510166
31 0 0.509848
31 0 0.508613
31 0 0.507975
31 0 0.507636
31 0 0.507085
31 0 0.506104
31 0 0.505783
31 0 0.505027
31 0 0.502467
31 0 0.502128
31 0 0.502
31 0 0.501534
31 0 0.501519
31 0 0.501464
31 0 0.501416
31 0 0.501118
31 0 0.500131
31 0 0.49976
31 0 0.499713
31 0 0.499383
31 0 0.499196
31 0 0.498669
31 0 0.497692
31 0 0.497398
31 0 0.497163
31 0 0.496624
31 0 0.496427
31 0 0.496155
31 0 0.495809
31 0 0.494874
31 0 0.494506
31 0 0.494091
31 0 0.493612
31 0 0.493492
31 0 0.493186
31 0 0.493014
31 0 0.492453
31 0 0.492154
31 0 0.491349
31 0 0.490913
31 0 0.490851
31 0 0.490131
31 0 0.489914
31 0 0.48954
31 0 0.489497
31 0 0.489116
31 0 0.488906
31 0 0.488515
31 0 0.487987
31 0 0.487154
31 0 0.486828
31 0 0.486624
31 0 0.486436
31 0 0.484843
31 0 0.484384
31 0 0.484136
31 0 0.483865
31 0 0.483168
31 0 0.482194
31 0 0.481522
31 0 0.481509
31 0 0.481491
31 0 0.481283
31 0 0.481147
31 0 0.480161
31 0 0.479887
31 0 0.479681
31 0 0.473191
31 0 0.473135
31 0 0.472109
31 0 0.471809
31 0 0.467861
31 0 0.463938
