0 1.58684
0.0078125 1.4535
0.015625 1.16891
0.0234375 0.829836
0.03125 0.500043
0.0390625 0.192426
0.046875 -0.112237
0.0546875 -0.427413
0.0625 -0.731812
0.0703125 -0.969603
0.078125 -1.07987
0.0859375 -1.03542
0.09375 -0.864245
0.101562 -0.637601
0.109375 -0.430315
0.117188 -0.277825
0.125 -0.158292
0.132812 -0.0136601
0.140625 0.200954
0.148438 0.469846
0.15625 0.703558
0.164062 0.774053
0.171875 0.583575
0.179688 0.130111
0.1875 -0.469784
0.195312 -1.0192
0.203125 -1.32533
0.210938 -1.28828
0.21875 -0.947669
0.226562 -0.460903
0.234375 -0.023496
0.242188 0.227142
0.25 0.273726
0.257812 0.214767
0.265625 0.197998
0.273438 0.329557
0.28125 0.609712
0.289062 0.930464
0.296875 1.13548
0.304688 1.10808
0.3125 0.837878
0.320312 0.429226
0.328125 0.0476594
0.335938 -0.16511
0.34375 -0.160464
0.351562 0.000568958
0.359375 0.189892
0.367188 0.287299
0.375 0.244233
0.382812 0.101294
0.390625 -0.0472407
0.398438 -0.117559
0.40625 -0.088995
0.414062 -0.0134977
0.421875 0.0228112
0.429688 -0.0386521
0.4375 -0.182838
0.445312 -0.320173
0.453125 -0.333352
0.460938 -0.14545
0.46875 0.230355
0.476562 0.689181
0.484375 1.08312
0.492188 1.29345
0.5 1.28637
0.507812 1.12214
0.515625 0.914748
0.523438 0.767624
0.53125 0.723523
0.539062 0.756567
0.546875 0.807644
0.554688 0.837423
0.5625 0.860454
0.570312 0.936101
0.578125 1.12008
0.585938 1.40724
0.59375 1.70496
0.601562 1.86108
0.609375 1.73818
0.617188 1.29638
0.625 0.636943
0.632812 -0.0233907
0.640625 -0.441293
0.648438 -0.457651
0.65625 -0.0744589
0.664062 0.542672
0.671875 1.13937
0.679688 1.48786
0.6875 1.48542
0.695312 1.18795
0.703125 0.765424
0.710938 0.406437
0.71875 0.223968
0.726562 0.210789
0.734375 0.26385
0.742188 0.258993
0.75 0.13153
0.757812 -0.0821454
0.765625 -0.262773
0.773438 -0.273292
0.78125 -0.0331192
0.789062 0.438511
0.796875 1.03081
0.804688 1.59278
0.8125 1.99726
0.820312 2.18414
0.828125 2.16506
0.835938 1.99552
0.84375 1.73759
0.851562 1.43723
0.859375 1.12619
0.867188 0.839092
0.875 0.62566
0.882812 0.541745
0.890625 0.61959
0.898438 0.835297
0.90625 1.09826
0.914062 1.27745
0.921875 1.25809
0.929688 1.00176
0.9375 0.576742
0.945312 0.138219
0.953125 -0.136468
0.960938 -0.12738
0.96875 0.172924
0.976562 0.65636
0.984375 1.1492
0.992188 1.48857
